AbbeAACbEeedarIdarOh

#############################################################################################################################################
--------------------------------------------------------1024 = 1 KB--------------------------------------------------------------------------
#############################################################################################################################################
testo_random2_1KB.txt
[25, 56, 91, 120, 143, 168, 214, 237, 275, 298, 332, 363, 388, 425, 464, 486, 522, 547, 575, 617, 642, 669, 711, 743, 766, 798, 823, 851, 890, 911, 947, 989]
count 32

#############################################################################################################################################
-------------------------------------------------------1048576 = 1 MB------------------------------------------------------------------------
#############################################################################################################################################
testo_random2_1MB.txt
[32766, 65522, 98289, 131053, 163826, 196583, 229358, 262126, 294891, 327665, 360428, 393203, 425968, 458726, 491504, 524261, 557033, 589802, 622562, 655334, 688105, 720869, 753634, 786390, 819169, 851938, 884696, 917464, 950237, 982997, 1015765, 1048542]
count 32

#############################################################################################################################################
------------------------------------------------------536870912 = 500 MB---------------------------------------------------------------------
#############################################################################################################################################
testo_random2_500MB.txt
[16777212, 33554411, 50331637, 67108848, 83886057, 100663282, 117440487, 134217704, 150994919, 167772145, 184549358, 201326578, 218103791, 234880991, 251658211, 268435439, 285212653, 301989855, 318767071, 335544289, 352321499, 369098729, 385875932, 402653143, 419430374, 436207581, 452984789, 469762013, 486539225, 503316440, 520093659, 536870870]
count 32

#############################################################################################################################################
----------------------------------------------------1073741824 = 1 GB------------------------------------------------------------------------
#############################################################################################################################################
testo_random_1GB.txt
count 0

testo_random1_1GB.txt
[20103598, 54939283, 73514232, 112528383, 150409440, 176677897, 222303922, 254030750, 278786487, 313151070, 350826536, 399818695, 433704810, 445956457, 490528524, 536727157, 550560038, 579938738, 633227480, 638845704, 685906193, 723944033, 764028476, 784729315, 816326605, 849871392, 905253029, 918879334, 957705108, 987980369, 1015982563, 1043225860]
count 32

testo_random2_1GB.txt
[33554414, 67108850, 100663276, 134217709, 167772151, 201326575, 234881007, 268435440, 301989870, 335544300, 369098735, 402653154, 436207592, 469762022, 503316460, 536870884, 570425315, 603979740, 637534175, 671088616, 704643038, 738197478, 771751907, 805306328, 838860771, 872415195, 905969635, 939524056, 973078489, 1006632911, 1040187355, 1073741783]
count 32

testo_random12_1GB.txt
[7325057, 33554422, 64820220, 67108843, 95400260, 100663279, 131929060, 134217718, 149654711, 167772144, 185036294, 201326575, 210771885, 234881014, 235749846, 268435447, 277084202, 301989868, 323806353, 335544298, 368439918, 369098736, 376577341, 402653158, 434683031, 436207593, 440089389, 469762025, 484748718, 503316456, 503460912, 536870884, 562074694, 570425321, 579406824, 603979752, 624138642, 637534184, 642190440, 671088604, 693624546, 704643048, 728901601, 738197466, 744589264, 771751910, 783271497, 805306334, 810170904, 838860768, 846998592, 872415193, 885261303, 905969630, 914204411, 939524056, 970191052, 973078495, 1004607303, 1006632926, 1009133148, 1040187343, 1051424892, 1073741780]
count 64

#############################################################################################################################################
-----------------------------------------------------2147483648 = 2 GB-----------------------------------------------------------------------
#############################################################################################################################################
testo_random2_2GB.txt
[67108847, 134217713, 201326574, 268435451, 335544304, 402653171, 469762031, 536870894, 603979751, 671088611, 738197488, 805306348, 872415210, 939524066, 1006632926, 1073741803, 1140850669, 1207959520, 1275068382, 1342177242, 1409286122, 1476394972, 1543503831, 1610612702, 1677721556, 1744830423, 1811939286, 1879048160, 1946157009, 2013265885, 2080374735, 2147483609]
count 32
