AbbeAACbEeedarIdarOh
count 0


testo_random1.txt [20103598, 54939283, 73514232, 112528383, 150409440, 176677897, 222303922, 254030750, 278786487, 313151070, 350826536, 399818695, 433704810, 445956457, 490528524, 536727157, 550560038, 579938738, 633227480, 638845704, 685906193, 723944033, 764028476, 784729315, 816326605, 849871392, 905253029, 918879334, 957705108, 987980369, 1015982563, 1043225860]
count 32


testo_random2.txt [33554414, 67108850, 100663276, 134217709, 167772151, 201326575, 234881007, 268435440, 301989870, 335544300, 369098735, 402653154, 436207592, 469762022, 503316460, 536870884, 570425315, 603979740, 637534175, 671088616, 704643038, 738197478, 771751907, 805306328, 838860771, 872415195, 905969635, 939524056, 973078489, 1006632911, 1040187355, 1073741783]
count 32


testo_random12.txt [7325057, 33554422, 64820220, 67108843, 95400260, 100663279, 131929060, 134217718, 149654711, 167772144, 185036294, 201326575, 210771885, 234881014, 235749846, 268435447, 277084202, 301989868, 323806353, 335544298, 368439918, 369098736, 376577341, 402653158, 434683031, 436207593, 440089389, 469762025, 484748718, 503316456, 503460912, 536870884, 562074694, 570425321, 579406824, 603979752, 624138642, 637534184, 642190440, 671088604, 693624546, 704643048, 728901601, 738197466, 744589264, 771751910, 783271497, 805306334, 810170904, 838860768, 846998592, 872415193, 885261303, 905969630, 914204411, 939524056, 970191052, 973078495, 1004607303, 1006632926, 1009133148, 1040187343, 1051424892, 1073741780]
count 64


